n_steps = 10
threshold_z_score = 3
std = 0.019282117
mean = 0.02494242